-0.299471
0.0451033
-0.184348
0.188135
0.0555488
-0.0130107
-0.0872441
0.247637
0.204055
0.159
-0.190891
0.217932
0.115956
0.0181034
-0.115276
-0.291225
-0.24534
-0.081389
-0.215353
-0.200609
0.310572
-0.0338486
-0.228719
-0.297418
-0.295739
-0.0703525
0.0270986
0.0487468
0.0681043
0.0637129
-0.200408
0.0963179
-0.0282818
-0.0887922
-0.258984
0.0659393
0.180793
0.189356
0.0202842
-0.10378
0.234473
0.137758
0.281118
0.263092
0.0446133
-0.214568
-0.0227684
-0.157799
0.227402
-0.173716
0.170629
0.204007
0.307728
0.304084
0.0668337
-0.0645853
-0.138127
-0.121906
0.204049
-0.285966
-0.0700938
-0.244757
0.113326
-0.266468
-0.294945
0.278033
-0.134739
-0.135264
0.0502463
0.104943
0.206534
0.177052
-0.0101983
-0.187283
0.154607
-0.0209533
-0.0307866
0.30521
0.149336
-0.235206
0.0594726
-0.0689098
0.149822
0.0654282
0.0529671
-0.0834574
-0.209222
-0.165064
-0.0459838
0.186112
0
0.288097
0.157909
-0.104922
-0.198758
0.0951755
0
-0.26207
0.118964
0
-0.214699
0.28586
-0.211975
0.261773
0.146436
-0.109017
-0.0316896
-0.276678
0.327118
0.11049
-0.208214
0.230653
0.201097
0.0541111
-0.186664
-0.204637
0.229635
0.00825774
-0.206832
0
0.143668
-0.0535274
-0.129938
0.0412763
0.115369
0.153258
0.14635
-0.0148338
-0.226355
-0.0876381
0.200569
-0.278567
0.0176936
0.102612
-0.0450066
-0.244961
0.283914
0.275646
0.0329272
-0.0877737
-0.0246053
-0.0886927
0.209213
-0.109957
-0.02636
-0.136967
0.27866
-0.12141
0.158868
0.0384045
-0.182541
0.156911
0.201997
-0.0595641
0.0158239
0.244767
-0.280432
0.306517
0.0435852
-0.269929
0.0212007
-0.183695
0.220456
0.0797303
0.114901
-0.181829
0.214878
-0.218283
-0.236636
0.142735
-0.112146
0.28998
-0.133125
-0.0982122
-0.216002
0.138144
0.208275
0.124225
0.068488
0.155157
-0.163396
-0.218007
-0.299265
-0.263591
0.184562
0.211469
-0.176124
-0.230808
0.0329473
-0.291705
-0.228415
-0.0273129
0
0.0118759
0
0
0.00844513
0
0
0.0198764
0.0181715
0.020698
0.00918488
0
-0.0183903
0.0163557
0
0
0
0
-0.00792384
0
0.0311293
0
0
0
0
0
0.0159593
0.00994248
0.0107533
0
0
0
0
0
0.0148937
0
0.0210937
0.0144367
0.0137811
0.0248012
0.0190392
0
0.0139226
0.0166581
0.036696
0
0
0
0.0181045
0
0
0
0.0177002
0.00863583
0
0
0
0
0
0
0
0
0.0120128
0
0.0327886
0.0241992
0
-0.0553948
-0.00822641
-0.0387477
0.0255085
-0.0272541
-0.00823038
-0.0347843
0.0101228
0
0.0167286
-0.0441751
0
0.0601956
0.0254489
0.0552242
-0.0403068
-0.0213268
-0.0418145
0.0643732
0
0.0647422
-0.0523241
0.0162723
-0.0527288
-0.0080955
0.0560971
-0.0587037
0.0513006
-0.0272977
-0.0400536
0.0364024
-0.0439683
-0.0387437
0.056495
0
-0.00995204
0
0.0503691
0
0.046123
0.0788466
0.0162207
0.0507558
0.00854778
-0.0402268
-0.0182011
0.00805493
0.00716711
0.0526614
-0.0324576
-0.0404377
0.0136141
0.025806
0.0202824
-0.0194085
0.05043
-0.0563745
0.0277186
0.0433539
0
0.0147748
0.0399105
-0.0450786
0.0130653
0.0478053
0.0518311
0.0156927
0.0296089
-0.0593821
0.0192745
0.0641925
-0.0240484
0.00661883
-0.0252426
-0.0419637
-0.050888
0.0501317
0.0449783
0.0339765
-0.0448654
-0.0225011
-0.0545789
-0.0550417
0.0183274
0.0416002
0
-0.00673126
-0.0132785
-0.0254854
0
0
-0.042549
-0.0207632
0.031708
-0.0242629
0.0428011
0.0596797
0.0511239
0.0271337
-0.0260009
0.0575582
-0.0450851
-0.0586928
0.0370457
0
0.0142529
0.0584599
-0.0556052
0.0496167
0.0218327
-0.0243402
-0.051376
0
-0.0354556
-0.0272621
0.0545974
0.00665134
0.021351
-0.0501103
0
-0.0159961
0
0.0398793
0
-0.0151891
0.0250965
0
0.0131303
-0.013626
-0.0529993
0.0256546
-0.0533468
0.0159307
0.053793
0
0.0321539
0.00730452
-0.015586
0.0440154
0.0068656
-0.0190275
0.066985
0.0142455
-0.0420446
-0.0163477
-0.0472261
0.0316262
0.0587235
0.0145584
-0.0587429
-0.0221031
-0.0482012
0.0180462
-0.0492069
0.0494028
0.0500944
0.015912
0.0293115
0.0489169
-0.062492
-0.048559
0.0410868
0.0148283
-0.0390308
-0.056435
-0.0363569
0.0131209
-0.0206721
-0.0145548
-0.0172166
0.0303889
0.0393111
0.0393859
0.0133599
0.0117514
0.0387636
0.0520781
-0.0449906
0.016923
-0.0126858
-0.0320189
-0.0442093
0.0462182
-0.0443244
-0.00935289
0.00789977
-0.0212713
0.0111218
-0.030125
-0.0272764
-0.0504992
0.0225676
-0.0474879
-0.0114908
0.0352843
0.049675
0.0376526
0.0484142
0.00662012
-0.0180537
0.0620357
-0.035296
0.0578743
-0.035173
-0.0457874
0.0144115
0.0523519
-0.0580054
-0.054415
0
-0.00951583
-0.0526931
-0.0313563
0.0550092
-0.0348232
-0.021887
-0.0487866
0.0547036
-0.04109
-0.0669903
-0.0637391
-0.0243657
0.0560722
-0.0432372
-0.00873822
0.0971036
0.0328695
0
0.0442168
0.0623205
-0.0327003
-0.0313088
-0.0292741
0
0.0803293
-0.0131698
-0.0543515
0.0337429
-0.0534843
0.0239215
0.0578865
-0.00804489
0.0507293
-0.0640676
0.0573271
0.0230637
0.0370487
0.0580477
-0.047984
-0.039957
0.0124583
-0.0766906
-0.0196084
-0.0443993
0.0327337
0.0890905
-0.0565693
0.0531473
0.0260009
0.0209964
0.0390896
-0.00930431
0.0347329
-0.0464405
0.0202894
0.0296266
0.0482228
-0.0609612
0.0783605
0.0340982
0.0434923
-0.0538912
0.00675847
0.061243
-0.0573588
-0.0292537
-0.046127
0.0657972
0.0158485
-0.0397325
0.0572547
-0.0201217
0.0103413
0
-0.00880438
-0.0224049
0.0121604
0.107503
-0.0511656
0.0391806
0
-0.0555074
0.0364734
-0.0757777
0.0828405
0.0358634
0.0229879
-0.037617
-0.0084422
-0.064512
0.073403
-0.0510052
0.0153044
-0.0245523
0.06404
-0.0580652
-0.0322292
-0.0403941
-0.0328005
-0.0478005
0.015919
0.00908978
0.060209
-0.0399685
0.00698102
0.059223
0.0564719
0.0528824
0
0.0508684
0.0213427
-0.0404595
0.0176798
0.00842734
-0.0101347
0.0625722
0
0.0102141
0.00929763
-0.0318126
-0.0109553
-0.0194661
-0.0633831
0.0412038
-0.0421736
-0.0558631
-0.0143759
0.0122113
-0.0557797
-0.0393031
-0.0447345
0.0197192
0
0.0198663
0.0254697
-0.00789471
0.0276776
-0.015191
0.0423439
0.0139013
-0.03599
0.0593422
0.0488805
0
0.0597932
-0.0421319
0.0512152
0.0170798
-0.0110668
0.016554
0.0355752
-0.0585489
-0.0207724
-0.0311739
-0.0100924
0.060418
0.0246388
0.029698
0.051487
-0.0134956
-0.0133364
0.0525027
-0.0248816
-0.0111695
0.00915811
-0.0108492
0.0303842
0.0301021
0.0345767
0.0352666
-0.0422549
-0.0373508
-0.0278732
0.028092
0.0534469
-0.0132595
0
-0.0514638
0.0528405
-0.038677
0
0.0201286
-0.00683067
0.0243936
-0.0506445
-0.0546569
-0.0515627
-0.057969
-0.0178148
-0.0250601
0.0256473
-0.0462974
-0.0136697
-0.0561805
0.0228463
0.0303798
-0.0391954
0.0249088
0.0152627
0.0193006
0
-0.0473708
0.0105845
-0.0638095
0.0628209
-0.0396169
0.061096
0.0703863
0
0.0197245
0.0250385
0.0230503
-0.0353407
-0.0585053
0.0777053
-0.0429571
-0.034448
-0.0246277
0.0108197
-0.0143174
-0.0471498
0
-0.0638096
-0.00681538
0
0.0137728
0.0336099
0
-0.0195974
0.098387
0.0556218
0.0124922
0.0951223
-0.0734572
0
0.0486368
-0.0113867
-0.0186641
-0.0280515
-0.048749
0.0160839
-0.0167341
-0.0625798
-0.0568443
-0.00712765
0.0465317
0.0634089
-0.0127532
0.037842
0.0145068
0.0431459
0.0586735
0.0107819
0.0123525
-0.0547283
0.0398641
0
0.0117812
0.0116265
0.0112494
0.0412259
0.031778
-0.0201589
-0.0649791
-0.0280418
-0.0118176
-0.0257741
0.0352325
-0.016673
0.0480829
-0.0498088
0.0293251
0.0167603
0.0512132
-0.0412074
0
0.0522607
0.0364108
0.0604771
-0.0393427
0.0522012
0.0386644
0.0589418
0.0453454
0.050745
0.0167325
-0.04089
0.0152011
-0.030551
-0.0324157
0.030186
0.0374543
-0.0427785
0.0278055
0
-0.0544069
0.0398506
0.0461945
-0.0487971
-0.0250284
0.0095317
0
0.0340662
-0.0400569
0.0296107
0.0643532
-0.0630044
0.0191923
0.0249133
-0.0423619
-0.055625
-0.0292537
0.0229614
0.0440601
0.00736549
-0.0167405
0.0363355
-0.0347723
0.0179704
-0.0348834
-0.0384025
0.061235
-0.0283729
-0.0620244
0.0349985
-0.0452622
-0.0588942
-0.0637979
-0.0196843
0.0187043
-0.0203786
-0.0111067
-0.0108528
-0.0532128
0
0.0259052
-0.021061
0.0204778
0.0489121
0
0.00910321
-0.0579816
0
-0.0312017
-0.00951583
0.047234
0
-0.0536334
0.00855571
0.0272224
0.0362006
0.047349
0.0455716
-0.0269089
0.0473688
0.0188392
0.0320903
0.042723
0.0345303
0.0483488
0.0530819
0.0536294
0
0
-0.0483397
-0.00767701
0.041997
0
-0.0404934
-0.0670212
0.0204698
0.0347417
-0.0558122
-0.0533239
-0.0132483
0.0239056
0.0443793
-0.0449685
-0.0403475
-0.052095
-0.0167645
-0.0625878
0.062195
0.0209765
-0.0580253
0.0538397
0.0178712
-0.00832198
-0.0620909
-0.0306823
-0.0137582
0.0193473
0.0350008
-0.0514353
0.0527143
-0.0470038
0.0174546
0
0.0628537
0
-0.0370774
-0.0259091
0.0366806
-0.0204698
0
0.0140426
-0.0516735
0.0629766
0.0332567
-0.0453851
0
0.027512
0.0648373
0.0358157
0.0184147
0.0157565
0.0579935
0.024461
-0.0273255
0.00873027
-0.0272501
0
0.0276072
-0.0329632
0
0
0.0587672
0.0303413
0.0467834
0.0435992
-0.00705207
0.0680427
0.0316935
0.0586586
-0.0387702
0.0207267
0.054549
0.0118685
0.0658513
0
0.018934
0
0.0708023
0.0817322
-0.0351693
-0.0322451
-0.0386088
0.032936
0.0573468
0.0162604
-0.0596242
0.0256335
-0.0603332
0.0155648
0.00716942
-0.0114087
-0.0591071
0.095067
-0.0184272
0.0131377
-0.0584239
-0.0423432
0.0208309
-0.0218757
-0.0238649
0.019966
-0.0116304
-0.00945356
-0.0360581
0.0232073
-0.043501
0
0
0.0393546
-0.00832406
-0.0644508
-0.0207293
-0.0161335
-0.0482854
0.042559
0.0303288
0.0508483
0.0186329
0.019576
0
0.0304088
0.030874
0.0594218
0
-0.0176132
-0.0502776
0.0526058
0.0417589
0
-0.050872
0.0480274
0.0339788
-0.0599138
-0.010833
0.0566961
-0.0561923
-0.0435681
-0.0375336
-0.0498008
0.0118447
-0.0496144
0.0153757
0.0104125
0.0247388
0.0301027
0.0540341
0.0220647
-0.0261948
0.0401521
-0.0158359
0.0646745
0.0354269
-0.0384263
-0.0428261
-0.0145267
-0.0414415
0.0105275
-0.0395689
0.0598287
-0.0402517
-0.0152782
-0.0254807
-0.0493405
-0.0392152
-0.0589894
0.0352524
0.0339087
0.0496031
-0.0647699
-0.00674936
-0.00957136
0.0392152
0
0
0.0324013
-0.0339277
0.00772255
-0.052943
0.0548674
0.0511973
0.0464127
-0.0572477
0
0.017165
0.0321256
0.0333118
-0.0317531
0.0532674
0.0380356
-0.0389794
0.00700092
-0.0581115
0
0.0377479
0.0256357
-0.0616281
0.0301383
0.006937
0.0521872
0.0499058
0.0386009
-0.0265642
-0.0136578
0
-0.0581642
0.0211653
-0.065233
0.0361057
0.0333044
-0.0364347
-0.0447176
-0.0575215
0.0221798
-0.0607509
-0.0202747
0.025786
0.0374742
-0.00797101
0.0626235
0.0165127
-0.025178
0
0.046118
-0.0545745
-0.0678676
-0.046381
-0.032016
0.0525131
-0.0262944
-0.0164032
0.0553503
-0.0660292
0.0408464
-0.0200915
0.0517251
-0.0219177
-0.0299837
-0.049986
-0.0275788
0.0356381
0.0487296
0.0503999
0.0451627
0.0142053
-0.0596837
-0.0424413
-0.0373498
-0.0188176
0.0147822
-0.0408302
0.0500104
0.0279271
0
0.0476225
0
0.0312937
0.066801
0.0610127
0.0511542
0.0442198
-0.0463637
-0.0163598
-0.0267832
-0.0429593
0.061588
0.0332491
0.0281587
-0.0588047
0.0188551
0.0423757
0.0333521
0.04143
-0.0487971
0.0284561
-0.015906
0.019478
0.0540063
0.0506579
-0.0600309
0.0355877
0
-0.0638821
-0.0357178
-0.0099513
-0.0422962
0.0569358
0
-0.0239554
0.0361299
0.0528479
0
-0.0629198
0.0286044
-0.0354388
0.0285206
0.0306158
0.0457621
0
0
0.0924294
0.0480155
0.0192311
0
0.0329317
-0.0167643
-0.0173038
-0.0570073
0.00796853
-0.0132769
-0.049428
-0.0130486
0.0520123
0
0.0573331
-0.0538159
0.0589491
0.0669843
0.0105212
-0.0392977
0.01799
-0.00807861
0.0161255
0
-0.0658639
0.046572
-0.0468913
-0.017969
-0.0324834
0.023616
0.0201177
0.0596479
0.0241917
0.0374702
-0.0194812
0.0478075
0.0228711
-0.047349
0
-0.0623863
-0.0640915
0.0322809
-0.0215966
0.0561273
0
0.0545524
-0.0580782
0.0152268
-0.051202
0.0168294
0.0552013
0.00920358
0.0348809
0.0169857
0.0419057
0.00939387
0.0214258
-0.0321827
0.0446469
-0.033542
0.0502043
-0.0192915
-0.0839245
0
0.0156172
-0.0124953
0.018605
-0.0610076
0
0.0125905
0.049904
-0.0068222
0.0561011
-0.015213
0
-0.0658973
0.0618933
0.0144785
0
0.0255029
-0.0467361
0.0487279
0.0316687
0.00775033
-0.0599297
-0.0158319
-0.0347049
0.0568548
0.046738
0.0603343
0.0141458
0.0109163
-0.0550617
-0.0120867
-0.0253101
0
-0.0545935
0.0487217
-0.025445
0.0365973
0.0562756
0.0114956
-0.0368909
-0.0286903
0.00789316
0.0486741
-0.0324911
-0.0258179
0.0295275
0.0476585
-0.0349588
-0.0402077
-0.00691718
0.050745
0.00966263
-0.0631625
0.0647014
-0.067378
0.0154947
-0.0229332
-0.045598
-0.0503684
-0.0349811
0.00778892
0.0557737
-0.0585926
-0.046428
-0.0211046
-0.0222716
0
0
-0.00684839
0.0494433
0.013138
-0.02702
0
-0.012785
0.0586719
0
0.0459169
0.0382755
0.0522705
0.0121724
0.0467053
-0.0165049
0.0525059
-0.0338215
0.0576565
0.0284775
-0.0481978
0.0357364
0
-0.0420924
-0.0615318
-0.0595884
0
0.0472251
-0.0473053
-0.0632636
-0.0373392
0.0414058
0.0386365
0.0365326
0.020567
-0.0260412
0.0365854
0.0547958
0.044497
-0.0334591
0
-0.0620086
-0.0551934
-0.0609772
-0.0188526
0.0280324
-0.0117256
-0.0416626
-0.0261279
-0.041191
0.0318364
-0.0474839
-0.0574302
0
-0.0183473
0.0398744
-0.0443536
0.0519829
-0.0478648
-0.0611992
-0.0414137
0.0413503
-0.0326022
0.0091905
-0.0199025
0
0.0214379
0.048198
0.056228
0.0578865
-0.0513244
-0.0450797
0.00753609
0.0390333
0.051368
-0.0555734
0.0484004
0.0419137
-0.0145227
0
0.0223544
0
-0.0275767
0.0596934
0.0687401
0.0296465
0.015144
-0.0279209
-0.048772
-0.0392674
0.0121372
0
-0.0188075
-0.0346584
0
0.0261115
0.0582593
0.026199
0.0656146
-0.0322974
0
-0.0343439
0.0529108
0
-0.0225607
0
0.00891295
-0.0210854
-0.019577
-0.0428977
-0.0274713
-0.0374509
0.0599343
0.0360933
0.0428302
0.0231553
0.036502
-0.0298884
0.0394493
-0.0554676
0.0275216
0.0465911
-0.0238372
-0.0565262
0
-0.062821
0.0439648
0.0195961
0
0.0222071
0.0140902
0.040497
0.0182045
0.0255758
0.0346864
0.047841
-0.0444607
-0.00994431
0.038409
-0.0621545
-0.0107815
-0.0588693
0
-0.0339703
-0.0448937
-0.0225184
0.0708608
0.00657993
0.0503281
-0.0557679
-0.0292727
0.0654828
0.0467631
-0.0213227
-0.0570735
-0.0123027
-0.0583744
0.0453767
-0.0425802
-0.0593579
-0.0363831
0
0.0342971
0.0381495
-0.0541214
-0.0308406
-0.0464761
-0.0367203
0.00813518
-0.0418264
0.0149264
-0.0510757
-0.0363095
0.036017
-0.0216678
-0.0779182
0
0.0473877
0.0439696
0.0114969
0.00899448
-0.0544426
0.0903732
0.0524703
0.0129169
0.0152446
0.0600551
-0.0134077
-0.0397474
0.108474
-0.0349032
-0.0309825
-0.0339233
-0.0596242
0.0182235
0.0096327
-0.029579
0.0520067
-0.0146834
0.0295829
-0.0381565
-0.0581165
0.025959
-0.0191396
0.0454574
0.0196999
0.0568635
0
0.035731
-0.0308149
0.0631351
0.0259943
-0.0136939
-0.0282935
-0.0321085
0.0119899
-0.0270761
-0.0364268
-0.0755063
-0.0352085
0.0272144
0.0265793
0.0223425
0.0420843
-0.0642502
0.0176216
0.00822414
0.072935
-0.0272184
0.013757
0.0327393
0.0485988
0.0535897
0.0429134
0.0117703
-0.0253463
0.0131984
-0.041686
0
0.00692009
0
0.0806645
-0.0538986
-0.0111603
-0.0756364
0.0243658
-0.0202171
-0.0437674
-0.0361462
-0.0404298
0.0577536
0.0298729
-0.0588107
0.00850094
-0.0577
0.0694423
-0.0539508
0
0.0656417
0
0.0492256
-0.0118685
-0.0125649
-0.0112456
0.0206087
0.0420366
0.0615647
-0.0283057
-0.0473827
0.0151576
-0.0599021
0.0296258
-0.0159001
0.0539934
0.0107018
-0.0370977
-0.0378758
-0.0207277
0.0498566
0.0301383
-0.0667471
-0.0515535
0.0186363
-0.0458683
-0.0238183
0.0727378
0.0459564
0
-0.0393031
-0.00984288
0.0154555
0.0453751
-0.0086787
-0.0170975
-0.0103326
-0.014967
0.0104561
0.0491066
-0.0125394
-0.0139998
0.100713
0
-0.0139746
0.0383087
0.0249147
-0.0622991
-0.0381833
-0.031882
-0.0196845
-0.0237549
-0.00946043
0.0216666
-0.0225467
-0.054858
0
-0.0342756
-0.0285078
0.0283201
-0.00792092
0.0637074
-0.0362759
-0.026273
0
-0.0140506
-0.0640437
0.00991257
0.0363325
-0.0510228
0.0609968
-0.0169746
0.0515229
0
-0.0597032
-0.0238607
0
-0.0421027
0.014417
0.0573067
0.0472729
-0.0102041
0
0.0291426
0.0461463
-0.0572733
-0.0558321
0.0325993
0.0536677
0.0141495
-0.0182481
0.00664872
-0.0527288
0
-0.0405131
-0.0164861
0.065054
-0.0374995
-0.0246594
-0.0449448
-0.0201161
-0.0413027
-0.0296028
-0.038228
-0.0383385
-0.0214172
-0.0475995
0
0.058064
0.0442101
0
0.0607084
-0.0273621
0.0090001
0.0643608
0.0259012
-0.0501519
0.067538
-0.0297691
-0.0263637
0
0.0678281
0.0168873
0
-0.0640637
-0.0353846
-0.0273612
0.109902
0.0448337
0.0365546
0.0269764
-0.0316976
0.05675
0
-0.0528398
0.0423778
-0.0585274
-0.0279691
-0.0675149
0.0225574
0
-0.0458907
0
0.105761
-0.0610085
-0.0629423
0.0142817
-0.0114837
0.0791965
-0.0505052
-0.0556075
-0.0100504
0.068839
-0.0201166
0.0421478
0.0863768
-0.029706
0.0250826
0.0481584
-0.0747683
0.0871724
-0.0221385
-0.0363117
-0.0563232
-0.037355
-0.0392952
-0.039922
-0.0390611
0.0702692
0.0120992
0.0919772
-0.0289264
0.019429
0.072158
0.0370821
0.0422723
0.0447623
-0.0313318
-0.0513466
-0.0569541
0.0525364
-0.0457184
0.0510546
-0.0182758
0.0594085
-0.0154081
-0.02191
0.024035
0.0503801
-0.015546
-0.00867474
0.0227035
-0.0302534
0
0
0.0392674
0.0382359
0.0320229
0
0.042612
0.00768739
-0.0287577
-0.0198006
-0.0579618
0.0534526
0.0342119
-0.0171192
-0.028307
-0.0375376
-0.0228066
-0.0584814
0.0496104
-0.0326537
-0.0125033
-0.0461667
0.0487851
0.0140545
0.0368751
-0.0394103
0
0.0340304
-0.0086668
0.0177403
0.0395927
-0.0423223
-0.0230526
0.0602153
0.0272224
-0.0393189
0.0471744
-0.0588505
0.0316183
-0.0603145
-0.0479917
-0.0542919
0.00684973
0.00896435
0
-0.0365457
-0.0549664
-0.0266439
-0.0552346
-0.0204512
-0.0476188
-0.012421
0.0400542
0
-0.030067
0.0787465
0.0457633
-0.049174
-0.0119788
0.026905
0.00700124
-0.0266828
-0.0282396
0.0157382
0.0318727
0
-0.0562479
0.0442272
0.00707191
-0.0515267
0
0.0618104
0.0290628
0.0194664
-0.00696239
0.0528827
0.0178464
-0.0192015
0.0499308
0.0266786
-0.0366207
0.0168172
-0.050384
0.0147182
0
0.0311493
-0.0173049
0.0627435
0.0261246
0
0
-0.00752815
0.0399811
-0.0157248
0.027599
0.040058
0
0.0437665
-0.0408583
-0.0601259
-0.0507967
-0.0597193
-0.0361688
-0.0215047
-0.0114984
0.0543419
-0.00672033
-0.0533369
0.0135459
0.0721509
0.0664503
-0.036313
0.055489
-0.0212562
-0.046381
0.0141684
-0.0631906
0.0589607
0
-0.0158297
-0.0628785
-0.0341812
0.0495924
0.0120193
-0.0452542
-0.0628495
0.00668485
0.0548062
0.0209946
-0.0358197
-0.0122771
0.0610432
-0.0523797
-0.0130547
0
-0.0217484
-0.0222186
0.0153261
-0.0322606
-0.0273375
0
0.0540186
0
-0.0159425
0.0270218
0.0215459
0.0107576
-0.0201634
0.0594347
-0.0493314
0.0212346
-0.0631783
-0.0216484
-0.0504951
-0.065688
0.0246356
0.0400326
0
0.0145759
0.0178385
0
0.0181886
-0.052102
0.0435151
-0.0170777
0.0491343
0
0.0585872
-0.01369
0
0.0188401
-0.0164461
0.0252324
0.0648818
-0.0398702
0.0409557
-0.0109451
0.00856213
0.0414653
0.0249837
-0.0229677
0.00777505
-0.0425157
-0.0758609
0.0503021
-0.0112059
-0.0495231
-0.0427746
0
-0.0336376
0.00876976
-0.0375732
0.0425247
0.0257941
0.0221321
0.0196507
-0.0577158
-0.0221639
0.058791
-0.0255186
-0.0248864
-0.0781312
-0.0145466
-0.0294155
0.0357905
0
0
0.0150963
0.0389709
-0.0141345
-0.0297693
0.0793044
-0.0326017
0.0228803
-0.0625348
0.0674764
0
-0.0485709
0.0707337
-0.0154828
0.0319895
0.0473371
0
0.0315781
-0.0834225
0.0223305
0.00695286
-0.0181545
0.00943646
0.0343558
-0.0620561
-0.0522955
0
0.0865965
-0.0299443
0.0327484
0.0727457
0.0243646
-0.0275399
0
-0.00967536
-0.0603103
-0.0143799
-0.0323003
0.0146276
-0.045269
0.0245167
0.0385548
0.0223807
0.0504714
0.0497219
0.00903575
-0.0202122
-0.0505111
-0.034457
0.0430228
0.053605
0
-0.0370615
0.0393909
0.0146774
-0.0196922
0
0.07004
-0.0164248
0.0772609
-0.0366881
0.0144794
0.0206595
-0.04734
0.0558719
0
0.0184835
-0.0585831
0.0202477
0.0315465
-0.0520584
0.019597
-0.0390684
-0.0344384
0.0301039
0.0642899
0.0330696
0.0511299
0
0.0509316
0.04806
0.0151118
0.0285719
0.0300392
-0.0452502
0.0333089
-0.0451391
-0.0123843
0.0148837
0.0281681
0.0428976
0.0501834
-0.0567215
-0.0136763
0.0134995
0
0
0.0340344
0.0102418
-0.0213546
0.0107973
-0.0181568
0.0324672
-0.054411
-0.0525661
0.0646192
-0.0592195
-0.0134316
-0.0509355
-0.0110552
-0.00859141
-0.029936
0
-0.0357523
-0.0310271
0.0184266
0.0511022
0.0492652
-0.00658787
-0.0114797
-0.0348318
0.0603739
0.0311184
-0.020577
0.0289958
0.0134396
0.0157883
0.051249
0.0237231
-0.0335844
-0.0486497
0.00797446
0.0280158
0.0192347
-0.0620696
0
0
0.0656135
0.0487349
0.0263099
-0.0270552
-0.0515385
-0.0242532
0
0.0151755
-0.0508124
-0.0155507
-0.0498366
0.064762
0.0326318
-0.0596916
-0.0644286
0.0234335
0.0609503
0.0269837
0.0412607
-0.0466622
0.0222804
0.0174092
0.0269113
0.0679738
-0.0540807
0.0549174
0.0612344
0.0167048
0.0444166
0.0131438
-0.0452358
0.0518203
0
-0.0235624
-0.0421874
0.00748588
0.043461
0.0213135
0.0466229
0
0.0606448
0.0291597
0.0271391
-0.0574302
0.0418006
0.0320983
0.0616396
0.0435958
-0.025632
-0.0495378
-0.0488942
-0.0255654
0.0582078
0.0361242
-0.022146
-0.027868
0.0492717
-0.00821918
-0.0347667
0.0557361
0.0350866
-0.0160131
-0.0163279
0.00734173
0.0179965
0.0563213
0.0307137
0.0317422
-0.0144671
0
0.0624291
0.0201655
-0.0203994
-0.00870243
0.016554
0.025437
0
0.0218901
-0.0301146
-0.0513838
-0.0562547
-0.0468292
-0.00747567
-0.0416906
0.0187229
0.0459116
-0.0280621
0.0436212
0.0162366
0.0541848
-0.0517052
-0.0319555
0
0.0261472
0.026536
-0.0507531
-0.0166413
0
0.0599336
-0.0521496
0
-0.0528875
0
-0.0226241
0.0377677
0.0421398
0.030916
0.0083137
-0.0582752
-0.0406441
0.0638138
-0.00946425
0.0186448
0.0287855
0.0520979
0.0445837
0.0539945
0
0
0.029575
0.0324389
-0.0147405
0.0246539
-0.0293806
-0.00785813
-0.0620921
0.0407493
0.0335265
0
-0.0406776
-0.05428
-0.0216374
0.0163398
0.0401377
-0.0226003
-0.037661
0
0.0274177
0.00805185
-0.0197716
0.0260532
0.0607272
-0.012781
-0.0295512
0.0526031
0.0120212
0.026412
-0.0202097
0.038446
0.0497692
0.0381363
-0.0118633
-0.0544348
0.0172138
0.0626443
0.0245285
0
-0.0410449
0.00873959
-0.0340106
0.0471195
-0.0274609
0.0636431
0.0416589
-0.0126739
-0.0231116
-0.0131738
0.0204857
0.0560516
0.0524541
-0.0289006
0.0342763
0
0.058795
0.0542126
0.0185179
-0.0587519
-0.0307375
-0.0273712
0.0380216
-0.031468
-0.0276317
-0.0192868
0.0538438
0.0375097
-0.0330414
-0.046782
-0.0351214
0.0814163
-0.0395013
0.0550137
0.0412372
-0.0293449
0
-0.0354428
0
-0.0401164
0.051401
0.0515743
-0.0412166
-0.0466129
0.0187966
0.0285078
0.00760353
0
-0.0170817
-0.0507768
-0.0560455
0.0413416
-0.0615181
0.0086394
-0.0248427
-0.0484114
0.0213743
-0.033354
0.0224115
0.0128048
0.010341
0.0553632
0.0208586
0.0272739
0.0105672
-0.0556686
-0.0266828
-0.0630997
0.0353834
0.0646666
0.010341
-0.025318
0
-0.0474561
0
-0.04066
0
-0.0159589
0
0.0230526
0.0290236
0.0269962
0.0150543
-0.0489637
0.0594059
0.0299837
-0.0576723
-0.0353675
0
-0.0476227
0.0616119
0.0193442
0.0277562
0.0493448
0
0.0736858
0
-0.00779653
0
0.0290491
0
0
0.0391059
0
0.0421749
0
0.0422204
0.0587946
0
0
0
0.00792447
0
0
0
0.0148174
0
0.0331838
0
-0.00811318
0.0132192
0.0566561
0.0568721
-0.0177565
0.0581663
0.0401526
0.0467932
0.0221686
0.0762244
-0.0666726
0.106975
0.170657
-0.0298184
-0.0630059
-0.0721235
0.205443
0.10254
0.0181963
-0.0909602
-0.074346
0.0090703
-0.0128632
-0.0139022
0.041615
0.0559711
0.0178423
0.0695003
0.156616
0.0805726
-0.13466
-0.0566168
-0.0541194
0.0818121
-0.0330222
-0.0520706
0.0615417
0.172998
0.0716225
-0.0318181
-0.0104444
0.0825034
-0.0831541
0.121272
-0.033237
0.0518094
-0.0513019
0.0310135
-0.0386665
-0.131504
0.0784088
0.130356
0.126302
0.0849324
0.0467483
-0.0580899
-0.0208235
0.062899
0.0584332
0.0886247
0.0855725
0
-0.0757481
-0.0825988
0.0072881
0.062637
0.0336359
0.0190008
0.014804
-0.0398952
0.0530637
-0.0207458
0.0701597
-0.0699465
0.0860325
-0.0813083
0.0344654
-0.0362611
-0.0542414
-0.0916822
-0.0332185
-0.0531771
0.173925
0
-0.156406
0.0460468
-0.020697
0.0602791
0
0.0357738
0.010805
0.105518
0.0224694
-0.100589
0.025917
0.0607876
0.130806
0.0141761
0.0625693
0.136994
0.216705
0.0915266
0.292362
